-4.49999070730939e+00 1.52247580425352e-09
-3.66995037340445e+00 1.05911554771107e-06
-2.96716692790560e+00 1.00004441232500e-04
-2.32573248617386e+00 2.77806884291278e-03
-1.71999257518649e+00 3.07800338725461e-02
-1.13611558521092e+00 1.58488915795936e-01
-5.65069583255576e-01 4.12028687498899e-01
 0.00000000000000e+00 5.64100308726417e-01
 5.65069583255576e-01 4.12028687498899e-01
 1.13611558521092e+00 1.58488915795936e-01
 1.71999257518649e+00 3.07800338725461e-02
 2.32573248617386e+00 2.77806884291278e-03
 2.96716692790560e+00 1.00004441232500e-04
 3.66995037340445e+00 1.05911554771107e-06
 4.49999070730939e+00 1.52247580425352e-09
