-4.30444857047363e+00 8.62859116812516e-09
-3.46265693360227e+00 4.71648435501892e-06
-2.74847072498540e+00 3.55092613551924e-04
-2.09518325850772e+00 7.85005472645794e-03
-1.47668273114114e+00 6.85055342234652e-02
-8.78713787329399e-01 2.73105609064247e-01
-2.91745510672562e-01 5.36405909712090e-01
 2.91745510672562e-01 5.36405909712090e-01
 8.78713787329399e-01 2.73105609064247e-01
 1.47668273114114e+00 6.85055342234652e-02
 2.09518325850772e+00 7.85005472645794e-03
 2.74847072498540e+00 3.55092613551924e-04
 3.46265693360227e+00 4.71648435501892e-06
 4.30444857047363e+00 8.62859116812516e-09
