-4.10133759617864e+00 4.82573185007313e-08
-3.24660897837241e+00 2.04303604027071e-05
-2.51973568567824e+00 1.20745999271939e-03
-1.85310765160151e+00 2.08627752961699e-02
-1.22005503659075e+00 1.40323320687023e-01
-6.05763879171060e-01 4.21616296898543e-01
 0.00000000000000e+00 6.04393187921162e-01
 6.05763879171060e-01 4.21616296898543e-01
 1.22005503659075e+00 1.40323320687023e-01
 1.85310765160151e+00 2.08627752961699e-02
 2.51973568567824e+00 1.20745999271939e-03
 3.24660897837241e+00 2.04303604027071e-05
 4.10133759617864e+00 4.82573185007313e-08
