-3.88972489786978e+00 2.65855168435630e-07
-3.02063702512089e+00 8.57368704358786e-05
-2.27950708050106e+00 3.90539058462906e-03
-1.59768263515260e+00 5.16079856158839e-02
-9.47788391240164e-01 2.60492310264161e-01
-3.14240376254359e-01 5.70135236262480e-01
 3.14240376254359e-01 5.70135236262480e-01
 9.47788391240164e-01 2.60492310264161e-01
 1.59768263515260e+00 5.16079856158839e-02
 2.27950708050106e+00 3.90539058462906e-03
 3.02063702512089e+00 8.57368704358786e-05
 3.88972489786978e+00 2.65855168435630e-07
