-9.71008061202339e-01 2.12036129662866e-02
-9.03898895613498e-01 1.07733248469091e-01
-8.01469813574707e-01 2.48566514253937e-01
-6.67664475510208e-01 3.80096079049837e-01
-5.07624693683070e-01 4.35434754467958e-01
-3.27498354152848e-01 3.92455609774303e-01
-1.34203299298267e-01 2.82878915068435e-01
 6.48396538227299e-02 1.62367283357430e-01
 2.61994670226235e-01 7.25039904999235e-02
 4.49711143732529e-01 2.40034214142155e-02
 6.20833074859651e-01 5.38040291227243e-03
 7.68942646737484e-01 6.79354930319821e-04
 8.88981887527276e-01 3.01461693243842e-05
