-9.77145920416324e-01 1.33543351550243e-02
-9.24064791001944e-01 7.03999742645661e-02
-8.42541540722895e-01 1.72380270934390e-01
-7.35059453629424e-01 2.86769442447872e-01
-6.04884877390485e-01 3.67633751581353e-01
-4.55972498545626e-01 3.83370867879386e-01
-2.92845655451572e-01 3.33109674562127e-01
-1.20458764577824e-01 2.42991310609789e-01
 5.59536884927459e-02 1.48153712073576e-01
 2.31037200466639e-01 7.43064727878427e-02
 3.99482138783703e-01 2.97388304660275e-02
 5.56190387231495e-01 9.00942459742286e-03
 6.96445274907839e-01 1.88101090598935e-03
 8.16108682614164e-01 2.24690267397912e-04
 9.12041843525222e-01 9.56480056951350e-06
