-9.66963094447324e-01 2.72896138351139e-02
-8.90661014930910e-01 1.35313292888017e-01
-7.74677251073907e-01 3.00087415365931e-01
-6.24088614047217e-01 4.33645958284057e-01
-4.45475134745324e-01 4.60225295128236e-01
-2.46638434579149e-01 3.75027255603235e-01
-3.62601664735123e-02 2.36831893163602e-01
 1.76480463618701e-01 1.14074831988801e-01
 3.82315644418519e-01 4.01145908567640e-02
 5.72316002885733e-01 9.43118700740855e-03
 7.38359248459591e-01 1.23563920332919e-03
 8.73913040569972e-01 5.63600088392932e-05
