-9.74351019490565e-01 1.67177525294321e-02
-9.14870359524811e-01 8.66658527614883e-02
-8.23776727574828e-01 2.06558179229720e-01
-7.04179025386619e-01 3.30767734202994e-01
-5.60150310596916e-01 4.03068659678548e-01
-3.96594103731399e-01 3.93713748735945e-01
-2.19077801877926e-01 3.14792801464829e-01
-3.36426663837983e-02 2.06616437988010e-01
 1.53403010412815e-01 1.10041770057603e-01
 3.35701196388983e-01 4.62578521342416e-02
 5.07066628340985e-01 1.45858624446603e-02
 6.61714368876228e-01 3.14474946437042e-03
 7.94517312656207e-01 3.85221481603271e-04
 9.01512225164373e-01 1.67111598873835e-05
