-9.84183054718588e-01 4.04840047653159e-02
-9.17598399222978e-01 9.21214998377285e-02
-8.01578090733310e-01 1.38873510219787e-01
-6.42349339440340e-01 1.78145980761946e-01
-4.48492751036447e-01 2.07816047536889e-01
-2.30458315955135e-01 2.26283180262897e-01
 0.00000000000000e+00 2.32551553230874e-01
 2.30458315955135e-01 2.26283180262897e-01
 4.48492751036447e-01 2.07816047536889e-01
 6.42349339440340e-01 1.78145980761946e-01
 8.01578090733310e-01 1.38873510219787e-01
 9.17598399222978e-01 9.21214998377285e-02
 9.84183054718588e-01 4.04840047653159e-02
