-9.87992518020485e-01 3.07532419961173e-02
-9.37273392400706e-01 7.03660474881081e-02
-8.48206583410427e-01 1.07159220467172e-01
-7.24417731360170e-01 1.39570677926154e-01
-5.70972172608539e-01 1.66269205816994e-01
-3.94151347077563e-01 1.86161000015562e-01
-2.01194093997435e-01 1.98431485327112e-01
 0.00000000000000e+00 2.02578241925561e-01
 2.01194093997435e-01 1.98431485327112e-01
 3.94151347077563e-01 1.86161000015562e-01
 5.70972172608539e-01 1.66269205816994e-01
 7.24417731360170e-01 1.39570677926154e-01
 8.48206583410427e-01 1.07159220467172e-01
 9.37273392400706e-01 7.03660474881081e-02
 9.87992518020485e-01 3.07532419961173e-02
