-9.81560634246719e-01 4.71753363865118e-02
-9.04117256370475e-01 1.06939325995318e-01
-7.69902674194305e-01 1.60078328543346e-01
-5.87317954286617e-01 2.03167426723066e-01
-3.67831498998180e-01 2.33492536538355e-01
-1.25233408511469e-01 2.49147045813403e-01
 1.25233408511469e-01 2.49147045813403e-01
 3.67831498998180e-01 2.33492536538355e-01
 5.87317954286617e-01 2.03167426723066e-01
 7.69902674194305e-01 1.60078328543346e-01
 9.04117256370475e-01 1.06939325995318e-01
 9.81560634246719e-01 4.71753363865118e-02
