-9.86283808696812e-01 3.51194603317519e-02
-9.28434883663574e-01 8.01580871597602e-02
-8.27201315069765e-01 1.21518570687903e-01
-6.87292904811685e-01 1.57203167158194e-01
-5.15248636358154e-01 1.85538397477938e-01
-3.19112368927890e-01 2.05198463721296e-01
-1.08054948707344e-01 2.15263853463158e-01
 1.08054948707344e-01 2.15263853463158e-01
 3.19112368927890e-01 2.05198463721296e-01
 5.15248636358154e-01 1.85538397477938e-01
 6.87292904811685e-01 1.57203167158194e-01
 8.27201315069765e-01 1.21518570687903e-01
 9.28434883663574e-01 8.01580871597602e-02
 9.86283808696812e-01 3.51194603317519e-02
